000010012
000010210
000010212
000012010
000012012
000012210
000020121
000021120
000021121
000022111
000111022
000112210
000112212
000120021
000120121
000121020
000121021
000121120
000210010
000210012
000210210
000211012
000211212
000212010
000212112
000212211
001010122
001010212
001012210
001012212
001020120
001020121
001021120
001021122
001021221
001022121
001101222
001102210
001102212
001110222
001112212
001120020
001120021
001120120
001121020
001121122
001122021
001122121
001122210
001201120
001210102
001210122
001210212
001211221
001212102
001212112
001212120
001212121
001212210
001221021
002000121
002001120
002010010
002010012
002010210
002011012
002012010
002012211
002021121
002110201
002110212
002110221
002111022
002111200
002112112
002112121
002120211
002121001
002121121
002121201
002121210
002122111
002201100
002210010
002210110
002210112
002211010
002211012
002211100
002211112
002212011
002212110
002220111
100010212
100012212
100020021
100020121
100021020
100021021
100021120
100021122
100102021
100110222
100112122
100112221
100120021
100120221
100121020
100122021
100122102
100122112
100122120
100201012
100201212
100210012
100210212
100211212
100212001
100212012
100212021
100212210
100212211
100220121
100221012
100221100
100221112
100221120
100221121
100222101
101000002
101000020
101000022
101000122
101000200
101000202
101000212
101000220
101002000
101002002
101002020
101002122
101002200
101002210
101002212
101012022
101012122
101012202
101012212
101012221
101020000
101020002
101020012
101020020
101020021
101020102
101020120
101020122
101020200
101020210
101020212
101021002
101021020
101021022
101021122
101021200
101021202
101021212
101022000
101022012
101022021
101022201
101022210
101101222
101102020
101102022
101102122
101102200
101102202
101102212
101102220
101102221
101120002
101120020
101120022
101120200
101120202
101120212
101120220
101120221
101121022
101121220
101122000
101122021
101122102
101122200
101122201
101122210
101122212
101122221
101200000
101200002
101200012
101200020
101200200
101200212
101201002
101201020
101201202
101201212
101201221
101202000
101202012
101202021
101202102
101202120
101202201
101202210
101210202
101210220
101210221
101212120
101212200
101220000
101220012
101220102
101220120
101220201
101221000
101221002
101221012
101221020
101221102
101221120
101221122
101221200
101221201
101221210
101221212
101222011
101222101
101222110
102010221
102011122
102011212
102021021
102021121
102021210
102021211
102022111
102101122
102102121
102110221
102111022
102111220
102112021
102112120
102112201
102112221
102120102
102120112
102120210
102121021
102121102
102121122
102121200
102121201
102121212
102121221
102122110
102122121
102122211
102201102
102202111
102210012
102210121
102211002
102211012
102211102
102211122
102211212
102211221
102212010
102212011
102212121
102220111
102221112
102221121
102221211
200000121
200002111
200010000
200010010
200010012
200010210
200011212
200012010
200012011
200012211
200021112
200022111
200100021
200102001
200110210
200110212
200111020
200111212
200111221
200112001
200112010
200112012
200112210
200112211
200120121
200121012
200121112
200121120
200121121
200122111
200201211
200210010
200210110
200210112
200211012
200211102
200211112
200211121
200211211
200212011
200221111
201001021
201001221
201010120
201011122
201011221
201012012
201012102
201012120
201012210
201021102
201021112
201102211
201110212
201110221
201112002
201112012
201112122
201112201
201112210
201112212
201112221
201120112
201120121
201121012
201121102
201121120
201121122
201121201
201121212
201121221
201122112
201122121
201122211
201200211
201201121
201202111
201210012
201210102
201210121
201211122
201211200
201211210
201212110
201212121
201220111
201221001
201221011
201221112
201221121
202001001
202001010
202001011
202001100
202001101
202001110
202001121
202010001
202010010
202010011
202010100
202010101
202010110
202010112
202010121
202010211
202011001
202011010
202011100
202011102
202011112
202011121
202011211
202100001
202100010
202100011
202100100
202100101
202100121
202100211
202101001
202101100
202101112
202101121
202110001
202110010
202110100
202110121
202110201
202110211
202111002
202111020
202111122
202111221
202112001
202112010
202112011
202112100
202112101
202112121
202112211
202121100
202121101
202121110
202121112
202121121
202121211
202122111
202210011
202210110
202211010
202211011
202211100
202211101
202211110
202211112
202211121
202221111