000010200
000011002
000011020
000011022
000011200
000011202
000011212
000011220
001002201
001002210
001012120
001012122
001022001
001022010
001022011
001022100
001022101
001022110
001022211
002002111
002011000
002011002
002011020
002011102
002011120
002011122
002011200
002011212
002022111
010010212
010022001
010022010
010022011
010022100
010022101
010022110
010022112
010022121
011001222
011002212
011010222
011011222
011012212
011012221
011021221
011022001
011022010
011022100
011022112
011022121
011022211
012001120
012001122
012010012
012010201
012010212
012011020
012011022
012011122
012011200
012011212
012011220
012011221
012012210
012020121
012021120
012021201
020011000
020011002
020011012
020011020
020011200
020011210
020011212
020011221
020021121
021000210
021001212
021010210
021011200
021011202
021011212
021011221
021012100
021012112
021012120
021012121
021021211
021022110
022000111
022011000
022011012
022011021
022011102
022011120
022011201
022012111
022021111
100000102
100000120
100000122
100002100
100002102
100002120
100010221
100012021
100012122
100012201
100020100
100020102
100020112
100020120
100021102
100022001
100022010
100022011
100022100
100022101
100022110
100022112
100022121
101002221
101011222
101022001
101022010
101022100
101022102
101022112
101022120
101022121
101022211
102000100
102000102
102000120
102001102
102001120
102001122
102002100
102002121
102010021
102010122
102011002
102011022
102011220
102011221
102012021
102012112
102012121
102012201
102012211
102020100
102020101
102020112
102020121
102020211
102021100
102021102
102021112
102021120
102021201
110001222
110002021
110002120
110002122
110002221
110010222
110020102
110020120
110022001
110022100
110022120
110022121
111000022
111002002
111002020
111002022
111002200
111002212
111002221
111012022
111020020
111020022
111020122
111020220
111021022
111021220
111022002
111022200
111022212
111022221
112000120
112000122
112001122
112002121
112010212
112010221
112012002
112012210
112012221
112020100
112020102
112020120
112020121
112021102
112021120
112021122
112021201
112021212
112021221
112022001
112022100
112022101
112022110
112022121
112022211
120000100
120000102
120000112
120000120
120001012
120001102
120001122
120002100
120002110
120002121
120011002
120011022
120011202
120011212
120011221
120012102
120020100
120020110
120020112
120021102
120021112
121000122
121001221
121002112
121010122
121010212
121012212
121012221
121020010
121020102
121020112
121020121
121021012
121021201
121021212
121022001
121022010
121022011
121022100
121022101
121022110
121022112
121022211
122000100
122000112
122000121
122001012
122001102
122001112
122001120
122010001
122010102
122011002
122011012
122011020
122011021
122011102
122011210
122011212
122012211
122020110
122021110
122021112
122021211
200000211
200001210
200001211
200010201
200010211
200011000
200011002
200011012
200011020
200011021
200011200
200011201
200011210
201000210
201000211
201001210
201001212
201002001
201002211
201010200
201010201
201010210
201010212
201011200
201011202
201011212
201011220
201012100
201012112
201012121
201012201
201012211
201020112
201021201
202002111
202011000
202011012
202011021
202011120
202011201
202011210
202012111
202020111
210000021
210000201
210000211
210001200
210001201
210001210
210001221
210002001
210010012
210010021
210010201
210010212
210010221
210011020
210011022
210011200
210011202
210011220
210011221
210012112
210012210
210020211
210021012
211000200
211000201
211000210
211001200
211002201
211002211
211010200
211010221
211012012
211012122
211012201
211012212
211012221
211020012
211020102
211020112
211020210
211020211
211021102
211021122
211021212
211021221
211022001
211022010
211022011
211022101
211022110
211022112
211022121
211022211
212000121
212001121
212001201
212002011
212010021
212010112
212010201
212011000
212011012
212011020
212011021
212011102
212011120
212011122
212011201
212011221
212012010
212012110
212012121
212012211
212021112
212021121
212021211
212022111
220011000
220011021
220011102
220011120
220011210
220011211
220012111
220020111
221001021
221002101
221002111
221010100
221010102
221010210
221010211
221011000
221011012
221011020
221011102
221011210
221011212
221012011
221012101
221012110
221012112
221012121
221012211
221021001
221021112
221021211
221022111
222001011
222010011
222011011
222011110