000000000
000000001
000000010
000000012
000000021
000000100
000000112
000000120
000000121
000000210
000000211
000001000
000001002
000001012
000001020
000001102
000001120
000001122
000001200
000001210
000001212
000002001
000002010
000002121
000002211
000100000
000100002
000100012
000100020
000100021
000100200
000100201
000100210
000100212
000100221
000101002
000101020
000101022
000101122
000101200
000101202
000101212
000101220
000101221
000102021
000102201
000102211
000200010
000200100
000200112
000200121
000201102
000201112
000201120
001000000
001000012
001000102
001000120
001000122
001001002
001001122
001002000
001002001
001002010
001002012
001002021
001002100
001002102
001002112
001002120
001002121
001100002
001100020
001100122
001100212
001101022
001102012
001102021
001102102
001102120
001102122
001200010
001200012
001200100
001200102
001200112
001200120
001200121
001201102
001202001
001202010
001202011
001202100
001202101
001202110
001202112
001202121
002000010
002000211
002001000
002001001
002001010
002001012
002001021
002001121
002001201
002001210
002001211
002100000
002100001
002100010
002100021
002100201
002100210
002100211
002101000
002101002
002101012
002101020
002101021
002101122
002101200
002101201
002101210
002101212
002101221
002102011
002102112
002102211
002201112
002201211
002202111
010000000
010000002
010000012
010000102
010000200
010000201
010000210
010000212
010001002
010001200
010001212
010001221
010002000
010002001
010002010
010002012
010002021
010002100
010002121
010002201
010002210
010002211
010100002
010100122
010100200
010100212
010100221
010101202
010102201
010102210
010200000
010200001
010200010
010200012
010200100
010200102
010200112
010200120
010200121
010200210
010200211
010201012
010201102
010201212
010202001
010202010
010202011
010202100
010202101
010202110
010202112
010202121
010202211
011000122
011002012
011002102
011002120
011002122
011100222
011101222
011102002
011102122
011102212
011200102
011200120
011200122
011200212
011202001
011202010
011202100
011202112
011202120
011202121
012000000
012000001
012000010
012000012
012000021
012000201
012000210
012000211
012001000
012001002
012001012
012001021
012001102
012001200
012001201
012001210
012001212
012001221
012002001
012002010
012002011
012002211
012100000
012100021
012100200
012100201
012100210
012100212
012100221
012101002
012101020
012101022
012101122
012101200
012101202
012101212
012101220
012101221
012102201
012102210
012102211
012200001
012200010
012200110
012200112
012200121
012200211
012201010
012201012
012201021
012201102
012201112
012201210
012201211
012202110
020000121
020001000
020001100
020001102
020001120
020001121
020002111
020100000
020100001
020100021
020100121
020100201
020101000
020101002
020101012
020101020
020101021
020101120
020101122
020101200
020101210
020101212
020201112
021000000
021000012
021000100
021000102
021000112
021000120
021000121
021001002
021001012
021001102
021001120
021001122
021002001
021002010
021002100
021002101
021002110
021002121
021002211
021100000
021100002
021100012
021100020
021100021
021100102
021100120
021100122
021100212
021101002
021101020
021101022
021101122
021101202
021101212
021101220
021102000
021102001
021102021
021102102
021102120
021102121
021102201
021102211
021200100
021200101
021200110
021200112
021201100
021201102
021201112
021201201
021201211
021202101
022001121
022001211
022100211
022101000
022101012
022101021
022101120
022101121
022101201
022101210
022102111
022200111
022201111
100000000
100000021
100000201
100000210
100000221
100001020
100001200
100001212
100001221
100002001
100002010
100002021
100002121
100002201
100002210
100002211
100100122
100100200
100100221
100102102
100102122
100102201
100102221
100200000
100200001
100200010
100200021
100200100
100200120
100200121
100200201
100200210
100200211
100201021
100201120
100201201
100202001
100202010
100202011
100202100
100202101
100202110
100202112
100202121
100202211
101000221
101002021
101002102
101002120
101002201
101100222
101200021
101200102
101200120
101201122
101202001
101202010
101202100
101202112
101202121
101202211
102000001
102000010
102000021
102000121
102000201
102000210
102000211
102001000
102001012
102001020
102001021
102001200
102001201
102001210
102001212
102001221
102002001
102002011
102002101
102002211
102100021
102100120
102100122
102100200
102100201
102100210
102100212
102100221
102101200
102101202
102101212
102101220
102101221
102102001
102102201
102102210
102102211
102200001
102200010
102200011
102200101
102200121
102200211
102201000
102201001
102201010
102201012
102201021
102201112
102201120
102201121
102201201
102201210
102201211
102202011
110000221
110002201
110002212
110100222
110102122
110200012
110200021
110200201
110200210
110200212
110201200
110201212
110201221
110202001
110202010
110202021
110202100
110202121
110202201
110202211
111002122
111102220
111200002
111200020
111200122
111200200
111200202
111200220
111201022
111201202
111202020
112000000
112000021
112000200
112000201
112000210
112000212
112000221
112001200
112001212
112001221
112002001
112002010
112002021
112002102
112002112
112002201
112002210
112002211
112100122
112100200
112100212
112100220
112100221
112102012
112102021
112102201
112102221
112200000
112200001
112200010
112200012
112200021
112200120
112200121
112200201
112200210
112200211
112201000
112201012
112201021
112201102
112201122
112201200
112201201
112201210
112201212
112201221
112202001
112202010
112202011
112202101
112202110
112202121
120000000
120000001
120000021
120000121
120000201
120000210
120000211
120001000
120001020
120001021
120001120
120001200
120001201
120001210
120001212
120002001
120002011
120002101
120002211
120100021
120100200
120100201
120100210
120100212
120100221
120101002
120101020
120101200
120101202
120101212
120101220
120101221
120102001
120102021
120102102
120102112
120102201
120102211
120200001
120200010
120200011
120200100
120200101
120200112
120200121
120201000
120201001
120201100
120201120
120201121
120201201
120202101
121000000
121000020
121000021
121000102
121000120
121000201
121000212
121000221
121001020
121001122
121001212
121002000
121002001
121002010
121002021
121002100
121002120
121002121
121002201
121002210
121002211
121100020
121100212
121100221
121101022
121102021
121102102
121102201
121102210
121102212
121102221
121200000
121200001
121200010
121200100
121200102
121200112
121200120
121200121
121200201
121200211
121201012
121201102
121201120
121201122
121201201
121201212
121202001
121202010
121202011
121202100
121202101
121202110
121202112
121202211
122000001
122000011
122000211
122001000
122001001
122001010
122001021
122001121
122001201
122001210
122001211
122002111
122100001
122100010
122100201
122100210
122100211
122101000
122101012
122101020
122101021
122101102
122101200
122101201
122101210
122101212
122102001
122102011
122102100
122102101
122102110
122102211
122200101
122200111
122201001
122201011
122201101
122201112
122201121
122201211
200000010
200000112
200001000
200001010
200001012
200001100
200001102
200001112
200001120
200100000
200100010
200100012
200100100
200100102
200100112
200100120
200100210
200101000
200101002
200101012
200101020
200101021
200101102
200101120
200101122
200101200
200101210
200101212
200102211
200201110
200201112
201000010
201000012
201000100
201000102
201000112
201000120
201000121
201001002
201001012
201001102
201001120
201001122
201001201
201002010
201002100
201002101
201002110
201002112
201002121
201100000
201100002
201100012
201100020
201100102
201100120
201100122
201100210
201100212
201101002
201101022
201101122
201101202
201101212
201101221
201102000
201102010
201102012
201102100
201102102
201102112
201102120
201102121
201102201
201102210
201200100
201200101
201200110
201200112
201201001
201201100
201201102
201201112
201201120
201202110
202000111
202001112
202001211
202101000
202101010
202101012
202101021
202101102
202101120
202101201
202101210
202101211
202102111
202201111
210000000
210000010
210000012
210000100
210000102
210000112
210000120
210000210
210001000
210001002
210001012
210001102
210001120
210001122
210001212
210002010
210002011
210002100
210002112
210002211
210100000
210100002
210100012
210100102
210100120
210100122
210100200
210100201
210100210
210100212
210101002
210101020
210101022
210101122
210101200
210101202
210101212
210101221
210102010
210102012
210102021
210102112
210102120
210102121
210102201
210102210
210102211
210200010
210200100
210200110
210200112
210201012
210201100
210201102
210201112
210202011
211000000
211000002
211000012
211000102
211000120
211000122
211000212
211001002
211001122
211001212
211001221
211002000
211002001
211002010
211002012
211002021
211002100
211002102
211002112
211002120
211002121
211002210
211100002
211100122
211100202
211100212
211102000
211102002
211102012
211102020
211102021
211102102
211102120
211102122
211102200
211102210
211102212
211102221
211200012
211200100
211200102
211200112
211201012
211201021
211201102
211201122
211202001
211202010
211202011
211202100
211202101
211202110
211202121
212000010
212000112
212000211
212001000
212001010
212001012
212001021
212001100
212001102
212001112
212001120
212001210
212001211
212002111
212100000
212100001
212100010
212100012
212100102
212100112
212100120
212100121
212100201
212100210
212100211
212101000
212101002
212101012
212101020
212101021
212101102
212101120
212101122
212101200
212101201
212101210
212101221
212102010
212102011
212102121
212102211
212200110
212201010
212201112
212201121
220002111
220101000
220101012
220101100
220101102
220101112
220101120
220200111
220201111
221000100
221000101
221000110
221000112
221001010
221001012
221001100
221001102
221001112
221001120
221001211
221100000
221100010
221100012
221100100
221100102
221100112
221100120
221100121
221101000
221101002
221101012
221101020
221101102
221101120
221101200
221101212
221102101
221102110
221102112
221102121
221102211
221200101
221200110
221200111
221201100
221201110
221201112
222101101