000010002
000110002
000110020
000110022
000110122
000110200
000110202
000110212
000110220
001000021
001000201
001000221
001020001
001020021
001020201
001020211
001120201
001120221
001200001
001200021
001200201
001220001
001220010
001220011
001220100
001220101
001220110
001220121
001220211
002000112
002010000
002010102
002010112
002100012
002100112
002110000
002110002
002110012
002110020
002110102
002110120
002110200
002200111
010020112
010020121
010220001
010220010
010220100
010220101
010220110
010220112
010220121
011020021
011020201
011110222
011200021
011200221
011220001
011220100
011220121
011220201
011220211
012000102
012000112
012000120
012010102
012010122
012010210
012020112
012020211
012100002
012100012
012100102
012100122
012110002
012110020
012110022
012110122
012120012
012120201
012200100
012210012
012210210
020020111
020110000
020110002
020110012
020110020
020110200
020110210
020110212
020110221
020120121
020200111
020220111
021000001
021000021
021000201
021000211
021010102
021010122
021010212
021020001
021020011
021020211
021100201
021100210
021100221
021110022
021110122
021110200
021110202
021110212
021110220
021120120
021120201
021120210
021120211
021200001
021200011
021200121
021200211
021210112
021210121
021220011
021220101
022010112
022110000
022110012
022110021
022110102
022210111
100120102
100200012
100200102
100220001
100220010
100220011
100220100
100220101
100220110
100220112
101010222
101020201
101020221
101110222
101200122
101200201
101200221
101210122
101210212
101220001
101220010
101220021
101220100
101220112
101220121
101220210
101220211
102000012
102000112
102010002
102010012
102010102
102010210
102010212
102100012
102110002
102110202
102110212
102120100
102120121
102120211
102200100
102200112
102210102
102210112
102210201
102210211
110020122
110110222
110120122
110210221
110220001
110220010
110220100
110220112
110220121
111020200
111020212
111020221
111120220
111200022
111200212
111200221
111210022
111210220
111220002
111220122
111220200
111220212
112000002
112000012
112000102
112010002
112010022
112010122
112020112
112020210
112020211
112100202
112110022
112110202
112120012
112120120
112120122
112120200
112120210
112120212
112120221
112200102
112200112
112210021
112210102
112210122
112210212
112210221
112220001
112220011
112220100
112220101
112220110
112220112
112220121
112220211
120010212
120100120
120100122
120110002
120110202
120110212
120120112
120200211
120210021
120210201
120210211
121010221
121020201
121020210
121020211
121120020
121120212
121200021
121210021
121210122
121210201
121210212
121220001
121220010
121220011
121220100
121220101
121220110
121220112
121220211
122010012
122010112
122010121
122010201
122010210
122010211
122020111
122100012
122100100
122100120
122110000
122110012
122110120
122110200
122110201
122110212
122120100
122120110
122120112
122120211
122200011
122210001
122210011
122210112
122210121
122210211
122220111
200110000
200110002
200110020
200110021
200110200
200110201
200110221
200200111
200210211
201000001
201000021
201000201
201010102
201010122
201010221
201020001
201020101
201020121
201020211
201100021
201100201
201100221
201110122
201110200
201110202
201110220
201120001
201120012
201120021
201120201
201120211
201200001
201200121
201210021
201210100
201210112
201210120
201210211
201220011
201220101
202100112
202110000
202110012
202110021
202110102
202110112
202110120
202110210
202120111
202200111
210010210
210100021
210100221
210110002
210110020
210110122
210110202
210110220
210110221
210120012
210210102
210210112
210220101
211000021
211000221
211010122
211010212
211020001
211020021
211020121
211020201
211100221
211120021
211120102
211120122
211120201
211120212
211120221
211200021
211200120
211200121
211200211
211210120
211210122
211210200
211210201
211220001
211220100
211220101
211220110
211220112
211220121
212010120
212010121
212020111
212100021
212110000
212110020
212110021
212110102
212110120
212110122
212110221
212120112
212120121
212120211
212200111
212210101
212210110
212210112
212210121
212220111
220000111
220110000
220110021
220110102
220110201
220110210
220210111
221000001
221000121
221000211
221010112
221010120
221010121
221010201
221020011
221020101
221020111
221100021
221100201
221100210
221100211
221110012
221110200
221110210
221110212
221120112
221120211
221200011
221210001
221210101
221210110
221210112
222110101
222110110