000002100
000002110
000010000
000012000
000020010
000020110
000021010
000021100
000022110
000112000
000112020
000112200
000121000
000122110
000200110
000201010
000202110
000220110
000221100
000221110
001000020
001001020
001001200
001001220
001010200
001010220
001011220
001020010
001021000
001021020
001021200
001021210
001100200
001100220
001101220
001110220
001112200
001112220
001120200
001121200
001121220
001201000
001201020
001201200
001210120
001211220
001221000
001221010
001221100
001221120
001221210
002000110
002002110
002010100
002012100
002012110
002020110
002021110
002102010
002102110
002110210
002112000
002112010
002112100
002112210
002200110
002201110
002210100
002221110
010001220
010010220
010011220
010012020
010100220
010101220
010102020
010110220
010112020
010112220
010120020
010122000
010122010
010211220
010212010
010221100
011001220
011010220
011021020
011100220
011112220
011121220
011122120
011212210
011221020
011221120
012000100
012002100
012002110
012010020
012010120
012012100
012012120
012020100
012020110
012021210
012022110
012102000
012102010
012102100
012110200
012110220
012112000
012112020
012112120
012120210
012122010
012122110
012201120
012210120
012211020
012211120
012211210
012220110
012221110
020000110
020001010
020002110
020020110
020021110
020121120
020200110
020201110
020221110
021001000
021001020
021001200
021001210
021010120
021010200
021011220
021020010
021020110
021021000
021021010
021021210
021101200
021112120
021112200
021120010
021121120
021121200
021121210
021201000
021201010
021201120
021201210
021202110
021211200
021220110
021221010
021221100
021221110
022000110
022012110
022111120
022111210
022112110
022201110
022210110
100001220
100010020
100010200
100010220
100011220
100012000
100012020
100012120
100012200
100012210
100100220
100101220
100110220
100112020
100112200
100112220
100121220
100201000
100201020
100210000
100210020
100210120
100210200
100210210
100211020
100211200
100211220
100212000
100212010
100212100
101001220
101010220
101012020
101012200
101012220
101021220
101100220
101112220
101200210
101201200
101201220
101210200
101211220
101212020
101212210
102002010
102002110
102010000
102010020
102010120
102010200
102011020
102011200
102012000
102012010
102012100
102012120
102012210
102020110
102022110
102102010
102102120
102110020
102110200
102110220
102112000
102112020
102112200
102112210
102120120
102121210
102200110
102201100
102202110
102210000
102210010
102210100
102210120
102210210
102211000
102211020
102211120
102211200
102211210
102212100
102212110
102220110
102221110
110001220
110010220
110012020
110012200
110012220
110100220
110102020
110102220
110112220
110210020
110211220
110212000
110212020
110212120
110212210
111002220
111022020
111122220
111202000
111202120
111202210
111212200
111220020
111220120
111220210
111221020
111221200
112001220
112002000
112002100
112002120
112010020
112010200
112010220
112011220
112012000
112012020
112012120
112012200
112021210
112022010
112101220
112102000
112102020
112102200
112102210
112110220
112112020
112112200
112112220
112121220
112122010
112122120
112122210
112200100
112201020
112201120
112202100
112210000
112210020
112210120
112210210
112211020
112211200
112211220
112212100
112212120
112221120
112221210
120000010
120002010
120010000
120010020
120010200
120010210
120011020
120011200
120011220
120012000
120012010
120012210
120021120
120022110
120102120
120102210
120110020
120110200
120110220
120112000
120112020
120112120
120112200
120112210
120122110
120200110
120201010
120201210
120202110
120210000
120210010
120210210
120211000
120211200
120211210
120220110
120221010
120221110
121000210
121001200
121001220
121010020
121010200
121010220
121011220
121012000
121012120
121012200
121012210
121021120
121021200
121021210
121100200
121100220
121101220
121102200
121110220
121112020
121112200
121112220
121120210
121122210
121200210
121201000
121201020
121201200
121201210
121210120
121210200
121210210
121212010
121212210
121221000
121221010
121221210
122000110
122001100
122002110
122010000
122010010
122010100
122010120
122011000
122011120
122012010
122012100
122012110
122110020
122110210
122111020
122112010
122112210
122121100
122121210
122200110
122201010
122201100
122201110
122210010
122210100
122210110
122211000
122211010
122211100
122211120
122211210
122221110
200000100
200000110
200002110
200020110
200021010
200021100
200021110
200102010
200102100
200102110
200120010
200120100
200120110
200121000
200121100
200122110
200200110
200201100
200221110
201000000
201001000
201001020
201001200
201020010
201020100
201020110
201021000
201021010
201021100
201021120
201021210
201022110
201100200
201101020
201101200
201101220
201112120
201120000
201120010
201120100
201120120
201120210
201121000
201121020
201121200
201121210
201122010
201122100
201122110
201201000
201210210
201211020
201211120
201220110
201221010
201221100
201221110
202000110
202012110
202021110
202100110
202102110
202111120
202112110
202120110
202121010
202201110
210001020
210002110
210020010
210020100
210020110
210021000
210021010
210021100
210021120
210022110
210100020
210101220
210102000
210102100
210112210
210120000
210120010
210120100
210120120
210121000
210121020
210121120
210121200
210121210
210122010
210122100
210122110
210201210
210202110
210210010
210212110
210220110
210221010
210221100
210221110
211000020
211001020
211001220
211010220
211011220
211012120
211020000
211020010
211020100
211020120
211021000
211021020
211021120
211021200
211021210
211022100
211100020
211100200
211100220
211101220
211110220
211112220
211120000
211120020
211120120
211120200
211120210
211121020
211121200
211121220
211122000
211122010
211122100
211122120
211122210
211200210
211201020
211201120
211201210
211212010
211212120
211221000
211221100
211221120
212000100
212000110
212002110
212010010
212010210
212011210
212020110
212021100
212021110
212100100
212102100
212102110
212110200
212110210
212111200
212111220
212112100
212112120
212112210
212120010
212120100
212120110
212121100
212121120
212121210
212122110
212201110
212210010
212211120
212221110
220000110
220021110
220111000
220111020
220111120
220111200
220120110
220121110
220201110
221000010
221001000
221001210
221002110
221011120
221011200
221020110
221021010
221021100
221021110
221101210
221110120
221111020
221112120
221112210
221120010
221120110
221121000
221121010
221121210
221122110
221201010
221210100
221211000
221211100
222011010
222101110
222110010