000000102
000010021
000010201
000010221
000011221
000012001
000012021
000012201
000012211
000020100
000020112
000021012
000021102
000021112
000100102
000100120
000100122
000102001
000102100
000102102
000102120
000102121
000110221
000111202
000112021
000112201
000112221
000120000
000120012
000120100
000120102
000120112
000120120
000121002
000121012
000121102
000121122
000121212
000122100
000122112
000122121
000200211
000201012
000201210
000201211
000210001
000210021
000210121
000210201
000210211
000211000
000211021
000211200
000211201
000211210
000212001
000212011
000221010
000221112
001000002
001000200
001000210
001000212
001001212
001001221
001002211
001010221
001011222
001012200
001012201
001012221
001020000
001020012
001020100
001020102
001020112
001020210
001021002
001021012
001021102
001021201
001021212
001022112
001100221
001102002
001102201
001102221
001112122
001112221
001120000
001120002
001120012
001120102
001120122
001120210
001120212
001121022
001121212
001121221
001122000
001122010
001122012
001122100
001122102
001122112
001122120
001122201
001122211
001200000
001200210
001200211
001201002
001201012
001201021
001201122
001201210
001201212
001201221
001202211
001210200
001210201
001210210
001210221
001211122
001211200
001211202
001211212
001212001
001212021
001212100
001212201
001212211
001220112
001221001
001221012
001221102
001221112
001221121
001222101
002000100
002001100
002001102
002001112
002010001
002010021
002010120
002010121
002010201
002010211
002011021
002011201
002011210
002011221
002012001
002012011
002012101
002012121
002020111
002021100
002021112
002021211
002100100
002100102
002100120
002100121
002101102
002101120
002102100
002102101
002102121
002110021
002110122
002111002
002111020
002111122
002111212
002111220
002111221
002112001
002112021
002112120
002112201
002112211
002120100
002120110
002120112
002120121
002121010
002121012
002121100
002121102
002121112
002121120
002121211
002122110
002201121
002210001
002210011
002210101
002210121
002210211
002211000
002211001
002211021
002211120
002211121
002211201
002211210
002211211
002212111
002221111
010000021
010000122
010001122
010010221
010012021
010012201
010012210
010012212
010012221
010020012
010020100
010020102
010020120
010021002
010021012
010021102
010021120
010021122
010100020
010102000
010102021
010102120
010102122
010102221
010112212
010112221
010120000
010120002
010120012
010120102
010120120
010120122
010120212
010121022
010121122
010122021
010122100
010122102
010122112
010122120
010122121
010200021
010200201
010201002
010201200
010201201
010201210
010210021
010210201
010210221
010211200
010211221
010212001
010212021
010212112
010212121
010212201
010221010
010221012
010221102
010221112
010221211
011000002
011000020
011000022
011000200
011000202
011000212
011000220
011000221
011002000
011002002
011002020
011002021
011002200
011002201
011002210
011002221
011012022
011012122
011012202
011012220
011020000
011020002
011020012
011020020
011020102
011020120
011020122
011020200
011020210
011020212
011020221
011021002
011021022
011021122
011021200
011021202
011021212
011021220
011022000
011022012
011022021
011022102
011022120
011022201
011022210
011102020
011102022
011102200
011102202
011102220
011102221
011120002
011120020
011120022
011120122
011120200
011120202
011120212
011120220
011120221
011122000
011122002
011122012
011122020
011122021
011122102
011122200
011122201
011122210
011122212
011122221
011200000
011200002
011200012
011200020
011200200
011200201
011200210
011201002
011201022
011201122
011201200
011201202
011201212
011201220
011202000
011202012
011202021
011202102
011202201
011202210
011202211
011210022
011210122
011210200
011210202
011210220
011210221
011211202
011211220
011212002
011212102
011212120
011212201
011220000
011220010
011220012
011220021
011220102
011220112
011220120
011220210
011221000
011221002
011221012
011221021
011221102
011221122
011221200
011221210
011221212
011222011
011222110
012000121
012002101
012002121
012010021
012010221
012012001
012012010
012012021
012012102
012012121
012012211
012021100
012021102
012021112
012021121
012021211
012100120
012102012
012102021
012102112
012102120
012102121
012110212
012110221
012111022
012111202
012112002
012112021
012112102
012112201
012112221
012120100
012120102
012120112
012120120
012120121
012120211
012121102
012121120
012121122
012121210
012121212
012121221
012122100
012122121
012122211
012201121
012201201
012210001
012210021
012210121
012210201
012211012
012211021
012211122
012211201
012211212
012211221
012212001
012212010
012212101
012212110
012212121
012221112
012221121
012221211
020000010
020000100
020000112
020001012
020001112
020010000
020010001
020010021
020010121
020010201
020010210
020010211
020011021
020011201
020012001
020012011
020012121
020012211
020021010
020021112
020022111
020100012
020100100
020100102
020100112
020100120
020101102
020102001
020102100
020102121
020102211
020110021
020110201
020111002
020111020
020111122
020111220
020111221
020112001
020112021
020112102
020112201
020112210
020112211
020120100
020120110
020120112
020121012
020121102
020121112
020122101
020122111
020201010
020201011
020202111
020210001
020210010
020210011
020210101
020210121
020210211
020211000
020211001
020211010
020211121
020211210
020211211
020212101
020221111
021001201
021001221
021002112
021010201
021010221
021011122
021012001
021012102
021012201
021012210
021012211
021020112
021021012
021021112
021102112
021102210
021110221
021111022
021111220
021112021
021112102
021112201
021112210
021112212
021112221
021120012
021120102
021120112
021120121
021121012
021121020
021121102
021121212
021122110
021122112
021122211
021201021
021210001
021210120
021210201
021210210
021210211
021211120
021211122
021211210
021211212
021212011
021212100
021212110
021212112
021212211
021220111
021221011
021221101
021221112
021221211
022001001
022001010
022001011
022001100
022001101
022001110
022001112
022002111
022010001
022010010
022010011
022010100
022010101
022010110
022010121
022010211
022011001
022011010
022011100
022011112
022011121
022011210
022011211
022020111
022021110
022100001
022100010
022100011
022100100
022100101
022100110
022100112
022100121
022101001
022101010
022101100
022101102
022101112
022101211
022102110
022110001
022110010
022110100
022110112
022110120
022110121
022110201
022110210
022110211
022111002
022111212
022112001
022112010
022112011
022112100
022112101
022112211
022120101
022120110
022121001
022121100
022121110
022121112
022121211
022201011
022201101
022210101
022211001
022211010
022211011
022211100
022211101
022211110
022211112
022211121
022211211
022221111