000000201
000001021
000001201
000001221
000002112
000010102
000010120
000010122
000011122
000012100
000012102
000012112
000012120
000012121
000020211
000021000
000021001
000021021
000021201
000021210
000021211
000102000
000102012
000102112
000102210
000112002
000112012
000112102
000112120
000112122
000120201
000120210
000120211
000121200
000121201
000121210
000121221
000122010
000122211
000201001
000201021
000201100
000201121
000201201
000202111
000210100
000210102
000210112
000210120
000211102
000211120
000211122
000211221
000212100
000212101
000212110
000212121
000220111
000221001
000221121
000221211
010000120
010000221
010001020
010002102
010002112
010002120
010010122
010011222
010012102
010012120
010012122
010020000
010020001
010020010
010020021
010020201
010020210
010020211
010021000
010021021
010021200
010021201
010021210
010021212
010021221
010022211
010101222
010102002
010102012
010102102
010102200
010102212
010112002
010112122
010120021
010120200
010120201
010120210
010120221
010121200
010121212
010121220
010121221
010122012
010122201
010122210
010122211
010201000
010201021
010201120
010201122
010201221
010210102
010210120
010210122
010210210
010210212
010211122
010211212
010212012
010212100
010212102
010212120
010212210
010220211
010221001
010221021
010221120
010221121
010221201
010221210
010222011
010222110
020000001
020000211
020001001
020001021
020001201
020001210
020001211
020010010
020010012
020010100
020010102
020010112
020010120
020011102
020011120
020011122
020012010
020012100
020012101
020012110
020012112
020021001
020021011
020021211
020100210
020100211
020101201
020101221
020102010
020102110
020102112
020110102
020110120
020110122
020111022
020111200
020111202
020111212
020112000
020112010
020112012
020112100
020112112
020112120
020112121
020120010
020120211
020121001
020121010
020121121
020121201
020121210
020121211
020122110
020201001
020201100
020201121
020201211
020210100
020210110
020210112
020211021
020211100
020211102
020211112
020211120
020211201
020212110
020212111
100000002
100000012
100000200
100000212
100001122
100002000
100002012
100002112
100010122
100011222
100012002
100012012
100012102
100012221
100020000
100020001
100020012
100020201
100020210
100020211
100021000
100021012
100021200
100021201
100021210
100021212
100021221
100022211
100100212
100101222
100102012
100102120
100102200
100102210
100102212
100112002
100112202
100112212
100120120
100120122
100120200
100120201
100120210
100120212
100121200
100121212
100121221
100122012
100122121
100122201
100122210
100122211
100200112
100201102
100201122
100201200
100201210
100201221
100210002
100210102
100210122
100210201
100210221
100211122
100211221
100212102
100212112
100212120
100212121
100220211
100221000
100221001
100221010
100221021
100221102
100221201
100221210
100221211
100222011
110000002
110000020
110000022
110000122
110000200
110000202
110000212
110000220
110002000
110002002
110002012
110002020
110002102
110002200
110002210
110011222
110012002
110012022
110012122
110012221
110020000
110020002
110020012
110020020
110020021
110020200
110020201
110020210
110020212
110020221
110021002
110021020
110021122
110021200
110021202
110021212
110021220
110021221
110022000
110022010
110022012
110022021
110022102
110022112
110022201
110022210
110022211
110100202
110101222
110102002
110102200
110102202
110102212
110102221
110112022
110112202
110120002
110120200
110120202
110120212
110120220
110120221
110121202
110121220
110122000
110122012
110122020
110122120
110122200
110122201
110122210
110122212
110122221
110200000
110200002
110200020
110200102
110200120
110200122
110200200
110200221
110201002
110201020
110201022
110201122
110201220
110202000
110202012
110202102
110202112
110202120
110202210
110210022
110210122
110210202
110210212
110210220
110212021
110212102
110220000
110220012
110220021
110220102
110220120
110220201
110220210
110220211
110221000
110221002
110221012
110221020
110221021
110221102
110221120
110221122
110221200
110221201
110221210
110221212
110222101
110222110
120000012
120001221
120002112
120010012
120010021
120010102
120010120
120010122
120010201
120010221
120011122
120012012
120012021
120012100
120012112
120012120
120012121
120012201
120012211
120020211
120021121
120021201
120021210
120021211
120022111
120100102
120102100
120102121
120110122
120110221
120111220
120112012
120112212
120112221
120120100
120120201
120120210
120120211
120121020
120121021
120121102
120121201
120121210
120121212
120122101
120122112
120122211
120201012
120201021
120201102
120201112
120201211
120210001
120210012
120210100
120210102
120210112
120210120
120210121
120211002
120211012
120211021
120211102
120211120
120211122
120211212
120212010
120212011
120212100
120212101
120212110
120212112
120212211
120220111
120221011
120221112
120221211
200000001
200001001
200001021
200001121
200001201
200010021
200010100
200010102
200010112
200010120
200010121
200011102
200011120
200011122
200011221
200012100
200012101
200012110
200012112
200012121
200020111
200021001
200021011
200021101
200021121
200021211
200100001
200100121
200100201
200100211
200101201
200101221
200102112
200102121
200110012
200110102
200110120
200110122
200111122
200111200
200111202
200111220
200112000
200112100
200112102
200112112
200112120
200112121
200120001
200120112
200120211
200121001
200121010
200121021
200121201
200121210
200121211
200201001
200201101
200201121
200202111
200210100
200210101
200210121
200211021
200211100
200211120
200211210
200212101
200212110
200212111
200220111
200221101
210000121
210001021
210002121
210010102
210010120
210010122
210011122
210012012
210012100
210012120
210012121
210012211
210020112
210020121
210021001
210021021
210021102
210021112
210021121
210021201
210021210
210021211
210022111
210102102
210110212
210111202
210111220
210112021
210112102
210112120
210112122
210112212
210112221
210120021
210120102
210120112
210120121
210120201
210120210
210120211
210121021
210121102
210121122
210121201
210121212
210121221
210122112
210122121
210122211
210200101
210200121
210201021
210201120
210201121
210201211
210210012
210210100
210210120
210210121
210210201
210211012
210211120
210211122
210211200
210211201
210212010
210212011
210212100
210212101
210212121
210220111
210221001
210221101
210221112
210221121
220001001
220001010
220001011
220001100
220001101
220001110
220001112
220001121
220001211
220010001
220010010
220010011
220010100
220010101
220010110
220010112
220010121
220010211
220011001
220011010
220011012
220011100
220011112
220011121
220011201
220012101
220012110
220100001
220100010
220100011
220100100
220100101
220100110
220100112
220100121
220100211
220101001
220101010
220101021
220101121
220101201
220101210
220101211
220102101
220102110
220110001
220110010
220110012
220110100
220110112
220110120
220110121
220110211
220111002
220111212
220112001
220112010
220112011
220112100
220112101
220112110
220112112
220112121
220112211
220120011
220121001
220121010
220121011
220121100
220121101
220121112
220121211
220122111
220210101
220210110
220211001
220211010
220211100
220211101
220211110
220211112