000002011
000010020
000020001
000020011
000022011
000102010
000120001
000120010
000122001
000122011
000200001
000200011
000201000
000202011
000210000
000211002
000211020
000220011
000221011
001001022
001010002
001010020
001010022
001011022
001012000
001012002
001012012
001012020
001012021
001100022
001102000
001102020
001110022
001112002
001112020
001112022
001210000
001210002
001210012
001210020
001210021
001211002
001211020
001211022
001212000
001212010
001212012
002000001
002000011
002002011
002020011
002021001
002021010
002021011
002102001
002120001
002120010
002120011
002121000
002121021
002122011
002200011
002201001
002201010
002201011
002221011
010000020
010001022
010010020
010010022
010011022
010021020
010100022
010101022
010110022
010112022
010121002
010121020
010122001
010201020
010210012
010210020
010211020
010211022
010220011
010221000
011001022
011010022
011012002
011012020
011100022
011112022
011121022
011201020
011210002
011210020
011211022
011212000
011212012
011212020
011212021
011222010
012001020
012020001
012020010
012020011
012021000
012021001
012021010
012021012
012021021
012022011
012100020
012102001
012120000
012120001
012120010
012120021
012121000
012121002
012121012
012121020
012121021
012122001
012122011
012200011
012201000
012201001
012202011
012210010
012212011
012220011
012221001
012221010
012221011
020000011
020002011
020020011
020100010
020102011
020120011
020122011
020200011
020211012
020212011
020221011
021000010
021002011
021010000
021010002
021010012
021010020
021010021
021011002
021011020
021011022
021012000
021012010
021012012
021012021
021022011
021102010
021102012
021110002
021110020
021112000
021112002
021112012
021112020
021120021
021122010
021122011
021200010
021201012
021202011
021210000
021210010
021210012
021210021
021211000
021211002
021211012
021211020
021211021
021212001
021212010
022000011
022012011
022021011
022102011
022111000
022111012
022111020
022111021
022120011
022121010
022121011
022210011
100000020
100001002
100001022
100010002
100010022
100011022
100020010
100021002
100100002
100100020
100100022
100101022
100102000
100102002
100102020
100110022
100112022
100120000
100120002
100120012
100120020
100121002
100121022
100122000
100122001
100122010
100210021
100211022
101001022
101002012
101010022
101012002
101100022
101102002
101112022
101122012
101122020
101201022
101210002
101210020
101210022
101211022
101212000
101212002
101212012
101212021
102000000
102001002
102012001
102020001
102020010
102020011
102021000
102021001
102021010
102021012
102022011
102100000
102100002
102100020
102101002
102101020
102101022
102102000
102102021
102110022
102112012
102120000
102120001
102120010
102120012
102120021
102121000
102121002
102121012
102121020
102122001
102122010
102122011
102210001
102210021
102211021
102220011
102221001
102221010
102221011
110001022
110010022
110021022
110100022
110102022
110120020
110120022
110121022
110122002
110122021
110211022
110212012
110222001
110222010
110222011
111022012
111122020
111202002
111202012
111202021
111212020
111221022
112000020
112001002
112001020
112001022
112011022
112012021
112020000
112020001
112020010
112020012
112020021
112021000
112021002
112021012
112021020
112021021
112022011
112100002
112100020
112100022
112101022
112112002
112120000
112120002
112120020
112120021
112121002
112121020
112121022
112122000
112122001
112122021
112210012
112211022
112212001
112212010
112212021
112220010
112221000
112221001
112221010
112221012
112221021
120010002
120020010
120020011
120021010
120021012
120022011
120100000
120100002
120100012
120100020
120101022
120102000
120102010
120102012
120110022
120112002
120112021
120120000
120120010
120120012
120121002
120121012
120122001
120122010
120122011
120202011
120211020
120220011
121000012
121001002
121001022
121002012
121010002
121010022
121011022
121012002
121012012
121012020
121012021
121020012
121021020
121100002
121100022
121102000
121102002
121102012
121102020
121110022
121112002
121120002
121120012
121120021
121121020
121122000
121122010
121122012
121200012
121201002
121201021
121210000
121210002
121210012
121210020
121211002
121211020
121211022
121212000
121212012
121221001
121221012
122000010
122002011
122010021
122012001
122012011
122020011
122021010
122021011
122100000
122100021
122101002
122102010
122110002
122110021
122111002
122112000
122120001
122120010
122120011
122121000
122121001
122121010
122121012
122211001
122211012
122211021
122221011
200000011
200002011
200010001
200012001
200020011
200102011
200111022
200112021
200120011
200122011
200200011
200201010
200201011
200210001
200210011
200211000
200211001
200211010
200221011
201002011
201010000
201010002
201010012
201010020
201010021
201011002
201011020
201011022
201012000
201012001
201012010
201012021
201020011
201021001
201021012
201021021
201022011
201102001
201102021
201110002
201110020
201110022
201112000
201112020
201112021
201121002
201121021
201122011
201200010
201200011
201201010
201201012
201201021
201202011
201210000
201210001
201210010
201211000
201211002
201211012
201212001
201212010
201212011
202000011
202012011
202021011
202102011
202111012
202111021
202120011
202121001
202121011
202201011
202211001
210000001
210010020
210011002
210012010
210012021
210020001
210020011
210022011
210110022
210112012
210112020
210120001
210121012
210122001
210122011
210200001
210200011
210201000
210201001
210201010
210210001
210210021
210211000
210211002
210211020
210211021
210220011
210221011
211001022
211010002
211010020
211010022
211011022
211012000
211012002
211012020
211012021
211021012
211021021
211100022
211101022
211110022
211112020
211112022
211120012
211121002
211121022
211122012
211122021
211200000
211200001
211200010
211201000
211201002
211210000
211210020
211210021
211211002
211211020
211211022
211212001
211212021
211220010
211220011
211221010
211221012
211221021
212000001
212000011
212001001
212010012
212012011
212020011
212021001
212021010
212021011
212110012
212111002
212111020
212111022
212112010
212112021
212120001
212120011
212121000
212121001
212121010
212121012
212121021
212122011
212200011
212201001
212201011
212211001
212211012
212211021
212221011
220000011
220012011
220021011
220102011
220111012
220111021
220201011
220210011
220211011
221000011
221002011
221010000
221010001
221010010
221010012
221010021
221011002
221011021
221012001
221012010
221021011
221100001
221101021
221102001
221102010
221102011
221110000
221110020
221110021
221111002
221112000
221112001
221112010
221112012
221112021
221120011
221121001
221121012
221122011
221210010
221210011
221211010
221211012
222101010
222101011
222110011