000002101
000020101
000022101
000122101
000200101
000202101
000220101
000221101
001001202
001010202
001011202
001012102
001100202
001101202
001102200
001110202
001112202
001121002
001121202
001122001
001221201
002000101
002002101
002020101
002021101
002111202
002120101
002122101
002200101
002201101
002211102
002212101
002221101
010001202
010010002
010010200
010010202
010011202
010012000
010012002
010012200
010100202
010110202
010112200
010112202
010121202
010210000
010210002
010210200
010211002
010211202
010212000
011001202
011010202
011012200
011100202
011112202
011121202
011212200
011222001
011222100
011222101
012010000
012010002
012010200
012011002
012011202
012012000
012012201
012020101
012022101
012102102
012110202
012112200
012121200
012121201
012122101
012200101
012201100
012202101
012210000
012210100
012210102
012211000
012211002
012211102
012211200
012212100
012220101
012221100
012221101
020000101
020002101
020020101
020021100
020021101
020102101
020120001
020120101
020121000
020121100
020200101
020201101
020221101
021020100
021020101
021021100
021021102
021021201
021022101
021100200
021102100
021120000
021120001
021120100
021121000
021121002
021122001
021122100
021122101
021201001
021210100
021210102
021211102
021211201
021212101
021221001
022000101
022012101
022021101
022102101
022111200
022121101
100001202
100010202
100011202
100100202
100101202
100110202
100121202
100122100
100201002
100211002
100211202
100212201
101001202
101010202
101100202
101112202
101121202
101122002
101211202
101212102
101212201
101222100
102010201
102011202
102012102
102022101
102120201
102122100
102122101
102202101
102211201
102212001
102212101
102220101
102221100
102221101
110001202
110010202
110012202
110201202
110210002
110210200
110211202
110212002
110212200
110212201
111002202
111020002
111020202
111022102
111122002
111122200
111122202
111202200
111202201
111212002
111220000
111220102
111220201
111221002
111221202
112001202
112010202
112011202
112012102
112012201
112020201
112021200
112101202
112102002
112120102
112120201
112121200
112121202
112122100
112122201
112201002
112210002
112210200
112210201
112211002
112211202
112212000
112221100
112221102
112221201
120001002
120012001
120020001
120020101
120021000
120021001
120021100
120022101
120112102
120112201
120120001
120120102
120121000
120121200
120122100
120211201
120212001
120220101
120221001
120221100
120221101
121000002
121000200
121001202
121002102
121010202
121011202
121012102
121012201
121020000
121020001
121020100
121021000
121021002
121021102
121100202
121101202
121110202
121112202
121120000
121120200
121120201
121121002
121121200
121121202
121122001
121122102
121122201
121210102
121211200
121211202
121212001
121212100
121212102
121212201
121221100
121221102
121221201
122000101
122002101
122011200
122011201
122012101
122020101
122021001
122021100
122021101
122100102
122111200
122111202
122112001
122112100
122112201
122121102
122121201
122210101
122211102
122211201
122221101
200000101
200002101
200020101
200102101
200111002
200112201
200120101
200121102
200122101
200200101
200211201
201022101
201112102
201112200
201120102
201122001
201122101
201202101
201210201
201211102
201212100
201212101
201221101
202000101
202012101
202021101
202102101
202111102
202111200
202111201
202120101
202201101
202210101
210002101
210010000
210010002
210010200
210012000
210012001
210012102
210012201
210020101
210022101
210102001
210110200
210112000
210112002
210112200
210112201
210121002
210122101
210201201
210202101
210210000
210211102
210212001
211001202
211010202
211011202
211012102
211012200
211021002
211021201
211101202
211102201
211110202
211112002
211112200
211112202
211120002
211121202
211122001
211122102
211122201
211200201
211201200
211210002
211210102
211211200
211212000
211212100
211221001
211221102
212000101
212002101
212010000
212010001
212010100
212010102
212011002
212011200
212012001
212012100
212012101
212020101
212021101
212102001
212102101
212110002
212110201
212112000
212112001
212112201
212120101
212121102
212121201
212122101
212200101
212201100
212201101
212210001
212210100
212211000
212211100
212211102
212221101
220000101
220021101
220111102
220111201
220120101
220201101
221001001
221001201
221011201
221012100
221101201
221102100
221110002
221110102
221110201
221111200
221111202
221112100
221112102
221112201
221120001
221120100
221120101
221121100
221121102
221121201
221122101
221201001
221201101
221211102
222011100
222011101
222101001